,general,price,experienced quality,safety and healthiness,trustworthy sources,environment
general,0.4609886109828949,0.4487743079662323,0.46930915117263794,0.47495537996292114,0.45653828978538513,0.4727737605571747
price,0.4487743079662323,0.5189117193222046,0.4659648537635803,0.45378732681274414,0.44824233651161194,0.4665025472640991
experienced quality,0.46930915117263794,0.4659648537635803,0.5372294783592224,0.5073942542076111,0.46290042996406555,0.4777819812297821
safety and healthiness,0.47495537996292114,0.45378732681274414,0.5073942542076111,0.5446012020111084,0.46251946687698364,0.5003644824028015
trustworthy sources,0.45653828978538513,0.44824233651161194,0.46290042996406555,0.46251946687698364,0.47785162925720215,0.4456498324871063
environment,0.4727737605571747,0.4665025472640991,0.4777819812297821,0.5003644824028015,0.4456498324871063,0.5454046130180359
